0, 3
65802,34
65995,4
107999,4
